2   45.0053   1.90974
3   30.3668   2.83034
4   22.8561   3.76042
5   19.9528   4.30759
6   16.8322   5.1062
7   14.3953   5.97061
8   12.8159   6.70642
9   11.4427   7.5112
10   10.1411   8.47526
11   9.41192   9.13187
12   8.61197   9.98012
13   8.02473   10.7104
14   7.65894   11.222
15   6.82418   12.5947
16   6.6059   13.0109
17   6.25477   13.7413
18   5.83534   14.729
19   5.54287   15.5061
20   5.33224   16.1186
21   5.19291   16.5511
22   4.89766   17.5489
23   4.74895   18.0984
24   4.67299   18.3926
25   4.54857   18.8957
26   4.56632   18.8223
27   4.48702   19.1549
28   4.56206   18.8398
29   4.49583   19.1174
30   4.37715   19.6357
31   4.40776   19.4994
32   4.39671   19.5484
33   4.35061   19.7555
34   4.36654   19.6834
35   4.43649   19.3731
36   4.42675   19.4157
37   4.30739   19.9537
38   4.38262   19.6112
39   4.24768   20.2342
40   3.42951   25.0614
41   3.76207   22.8461
42   3.84671   22.3434
43   3.59504   23.9075
44   3.58232   23.9924
45   3.43608   25.0135
46   3.49096   24.6203
47   3.62556   23.7063
48   3.81155   22.5495
49   3.7144   23.1393
50   3.59905   23.8809
51   3.62864   23.6862
52   3.57833   24.0191
53   3.57886   24.0156
54   3.58795   23.9548
55   3.65   23.5475
56   3.67396   23.394
57   3.63329   23.6558
58   3.55693   24.1637
59   3.58257   23.9907
60   3.48591   24.656
61   3.52115   24.4092
62   3.39946   25.283
63   3.47536   24.7308
64   3.42238   25.1137
65   3.45445   24.8805
66   3.50066   24.5521
67   3.34095   25.7258
68   3.38224   25.4117
69   3.43865   24.9949
70   3.52714   24.3678
71   3.7587   22.8666
72   4.14585   20.7312
73   3.93999   21.8144
74   3.62974   23.679
75   3.69051   23.2891
76   3.82248   22.485
77   4.08386   21.0459
78   4.35695   19.7267
79   4.33586   19.8227
80   7.89237   10.8901
