2   44.1757   1.94561
3   29.5889   2.90475
4   22.5831   3.80587
5   18.1251   4.74196
6   15.2135   5.64949
7   13.4919   6.37039
8   12.3181   6.9774
9   10.6014   8.10729
10   9.57046   8.98061
11   8.56149   10.039
12   8.01528   10.7231
13   7.24722   11.8595
14   7.06454   12.1662
15   6.06166   14.179
16   6.01973   14.2778
17   5.77102   14.8931
18   5.80745   14.7997
19   5.38563   15.9589
20   5.20732   16.5053
21   4.86349   17.6722
22   4.68842   18.3321
23   4.34832   19.7659
24   4.19439   20.4913
25   4.06892   21.1232
26   4.02575   21.3497
27   4.16028   20.6593
28   4.00124   21.4805
29   3.84811   22.3353
30   3.67459   23.39
31   3.41171   25.1922
32   3.4626   24.822
33   3.30199   26.0293
34   3.39066   25.3486
35   3.39763   25.2966
36   3.22574   26.6445
37   3.08783   27.8346
38   3.19564   26.8956
39   3.22379   26.6607
40   3.10087   27.7175
41   3.32376   25.8588
42   3.13823   27.3876
43   3.41981   25.1325
44   3.4456   24.9444
45   3.38387   25.3994
46   3.30876   25.976
47   3.1104   27.6326
48   3.06395   28.0515
49   3.13487   27.4169
50   3.03583   28.3113
51   3.02444   28.418
52   2.97873   28.8541
53   2.87958   29.8476
54   2.78238   30.8903
55   2.9021   29.616
56   2.84776   30.1811
57   2.94317   29.2027
58   2.94345   29.1999
59   2.87341   29.9116
60   2.83191   30.35
61   2.65952   32.3172
62   2.73443   31.432
63   2.6956   31.8847
64   2.73179   31.4623
65   2.72414   31.5507
66   2.543   33.7981
67   2.58267   33.2789
68   2.50968   34.2467
69   2.59653   33.1012
70   2.66532   32.2469
71   2.64234   32.5274
72   2.63389   32.6317
73   2.66423   32.2602
74   2.62626   32.7266
75   2.67998   32.0706
76   2.54068   33.8289
77   2.75553   31.1913
78   2.98248   28.8178
79   3.02046   28.4554
80   3.55986   24.1438
